(20,5) (4,4) 34 2
(20,5) (12,2) 80 2
(20,5) (16,16) 72 2
(20,5) (38,8) 74 2
(6,18) (8,8) 24 2
(6,18) (9,28) 84 2
(46,30) (48,2) 49 2
(46,30) (50,40) 37 2
(11,48) (9,28) 82 2
(11,48) (28,44) 47 2
(11,48) (20,70) 95 2
(16,38) (9,28) 37 2
(16,38) (28,44) 78 2
(16,38) (18,30) 93 2
(14,22) (9,28) 92 2
(14,22) (16,16) 56 2
(14,22) (26,26) 91 2
(14,22) (30,65) 56 2
(48,2) (38,8) 91 2
(40,62) (50,60) 91 2
(40,62) (30,65) 34 2
(40,62) (28,44) 85 2
(16,16) (8,8) 95 2
(16,16) (30,16) 46 2
(16,16) (4,4) 52 2
(16,16) (28,32) 67 2
(26,26) (18,30) 94 2
(26,26) (28,32) 77 2
(26,26) (30,16) 45 2
(26,26) (38,8) 73 2
(26,26) (42,18) 89 2
(60,55) (55,48) 39 2
(60,55) (50,60) 96 2
(50,60) (34,30) 49 2
(34,30) (28,32) 24 2
(34,30) (50,40) 92 2
(34,30) (30,16) 93 2
(8,8) (4,4) 82 2
(10,75) (20,70) 98 2
(10,75) (5,78) 28 2
(0,80) (5,78) 30 2
(9,28) (28,32) 32 2
(28,32) (28,44) 100 2
(28,44) (50,40) 63 2
(12,2) (0,0) 78 2
(20,70) (30,65) 64 2
(4,4) (0,0) 94 2
(30,16) (42,18) 33 2
(26,6) (38,8) 38 2
(42,18) (38,8) 42 2
(55,48) (50,40) 41 2
(55,48) (38,8) 62 2