(0,0) (5,5) 50 2
(0,0) (15,1) 60 2
(5,5) (7,7) 40 2
(5,5) (24,6) 70 2
(15,1) (24,6) 40 2
(7,7) (6,16) 50 2
(7,7) (14,15) 75 2
(24,6) (14,15) 80 2
(6,16) (7,30) 40 2
(7,30) (12,25) 60 2
(12,25) (14,15) 80 2
(7,30) (10,50) 40 2
(7,30) (14,40) 65 2
(10,50) (30,45) 30 2
(14,40) (30,45) 50 2
(15,28) (14,40) 76 2
(15,28) (25,25) 80 2
(12,25) (25,25) 90 2
(25,25) (30,30) 95 2
(30,30) (30,45) 65 2
(30,45) (42,40) 60 2
(30,30) (35,28) 95 2
(14,15) (32,14) 75 2
(25,25) (32,14) 95 2
(35,28) (42,40) 50 2
(32,14) (35,28) 70 2
(24,6) (30,5) 40 2
(24,6) (32,14) 60 2
(30,5) (32,14) 70 2
(30,5) (40,7) 40 2
(30,5) (50,1) 20 2
(40,7) (50,1) 30 2
(40,7) (35,28) 60 2
(50,1) (48,28) 10 2
(35,28) (48,28) 30 2
(45,16) (40,7) 45 2
(45,16) (35,28) 50 2
